group,CD80,CD70,CD40,CD19,CD90,CD117,CD279,CD20,CD294,IgM,CD32,CD161,CD223,KLRG1,HLA-DR,CD366,CD21,CD244,CD206,CD137,CD357,CD303,IgD,IgG1Kiso,CD154,CD52,CD269,CD35,CD96,CD178,CD169,XCR1,CD268,CD106,CD122,CD267,CD309,CD124,TSLPR,CD22,CD204,CD144,TCR-Va24-Jz18,CD133,CD209,CD158f,CD337,CD336,CD307d,CD319,Phospho-Tau,CD150,CD101,CD88,c-Met,CD11c,CD45RA,IgM,CD32,HLA-DR,CD21,CD244,IgD,CD35,CD268
critical,-0.462537048712818,-0.476271072358761,0.266648962853789,0.478818423514279,-0.455715800438409,-0.438255959066184,-0.494132384189664,0.370023444411504,-0.437324979922276,0.690752451860213,0.434936356607753,-0.466953031230962,-0.45340663735257,-0.353920416131124,0.573239154975869,-0.445416014161675,0.6419814459033,-0.339186631829756,-0.44446472223074,-0.475764429253874,-0.432026350130734,-0.462899238311449,0.691652691344398,-0.465835886398065,-0.407552997992544,0.343915219822357,-0.439190050833505,0.424005495607992,-0.460076057394061,-0.471231676160498,-0.467667344292689,-0.463329988453592,0.384894953042656,-0.496437294589247,-0.452543721166405,-0.52183424668429,-0.465705528372329,-0.445421287452489,-0.427604877755583,0.48602641280437,-0.466676656048571,-0.45842827851234,-0.435243973685771,-0.457598170051674,-0.439783562624462,-0.422322424803107,-0.427209930185297,-0.416906014860551,-0.437697627913098,-0.442987614658238,-0.465921210035756,-0.385563268697389,-0.193132230983656,-0.454821236190919,-0.4200657227218,-0.472601574188928,0.0858609172001889,-0.132598921006852,0.0829685288190513,-0.295386561092627,0.034670016268311,-0.0355670222494927,-0.2557020360769,0.234196985526736,0.0811604615123619
critical,-0.642792408474123,-0.641707569091525,0.589319624293796,0.786529618008851,-0.661648811560204,-0.612422162434227,-0.692917134967274,0.791429855382165,-0.630450857237943,0.697695200319827,0.813986586130271,-0.644232874359321,-0.656097424532379,-0.709114607525499,0.82509781699302,-0.647025516353374,0.878054125502625,-0.672324315421119,-0.65244403353012,-0.649781463871799,-0.625721708140942,-0.666983070555325,0.717492443592308,-0.628389722561169,-0.636114859837118,0.630073142550891,-0.623350973050187,0.746889334892832,-0.68205156133311,-0.671338572606442,-0.663687592714035,-0.659154149805313,0.715789757844115,-0.648301417426575,-0.653624159642331,-0.643685188521484,-0.642877372663459,-0.64938277834975,-0.632556223141188,0.776955493395556,-0.659708315817144,-0.665825670385094,-0.662579323074414,-0.663880774924828,-0.645053033400983,-0.643975683360115,-0.645247565942479,-0.640887956308202,-0.635441839603527,-0.677232573504804,-0.669319297311485,-0.627131689935232,-0.335562348549116,-0.634726067819783,-0.64481107679919,-0.0307751343760976,-0.302112836354547,-0.347082131960129,-0.403286842691353,-0.397459490717665,-0.268276881915908,0.268955978893913,-0.141153648972233,-0.430998354492685,-0.331306482287637
critical,0.0288263991555415,-0.157406932309059,-0.108307256648784,0.537887307260608,0.259812767404745,-0.0260605425537678,0.116320658117348,0.411964995583254,0.154245684633469,-0.386498229965372,0.224850023686463,-0.0144991293040245,0.0867947146607699,0.133913369809437,0.388417428385166,0.0567552386593784,0.185006366736879,0.0883998762165736,0.0867651239190611,-0.0005679891108269,0.188673917526481,0.0039348850034094,0.470255806644606,-0.0268347980283311,0.207180873334358,0.119915886718251,0.166431818478149,-0.255780422035956,0.195507796122578,0.0797376405362354,0.165296071435248,-0.0910880114677809,0.367142494690215,0.0753712186133881,0.176833740390508,-0.161992041936128,-0.0427196289717889,0.125636695149262,0.102613348895762,0.474868388867803,0.0308096329090168,0.0683603704662478,0.0182401562553563,-0.0475901741206474,0.0735375690972733,0.0641077036003764,0.135908520211878,0.0737102364699291,0.0961047413772357,0.14313090840005,0.138273704246006,0.136817324767228,0.059799376110671,0.009169422764292,0.084541851851403,0.0537052631422871,0.426198280406928,-0.000471902612331,0.132937923656725,-0.0776482652552967,0.155482943266469,0.0168607615648551,-0.269363014972979,0.312746196292619,-0.018521797446914
critical,0.0428365159999003,-0.0459959271677128,0.16191139033282,0.503498211319435,0.236429953130073,-0.049558314391983,0.0562292099636898,0.478968135641376,0.223982328189907,-0.218766991222295,0.287596684667205,0.0414547267444243,0.101775148537615,0.109267571020033,0.472018858279993,0.100779236980828,0.0624924502934932,0.0447565186745115,0.0635437252787886,0.03492148745587,0.112432549360559,-0.0046359259370051,0.47748664129815,-0.0353170912171519,0.206678785732091,0.258169821346514,0.148871228127127,-0.226028680815889,0.074996995292605,0.129776940193519,0.163324938488518,-0.0520666919434622,0.471148621959007,0.109184226617403,0.15540930916754,-0.0844627822176059,0.0819259438429991,0.11116468990935,0.094418896532486,0.215023995129715,0.0307197657473638,0.0452440980099854,0.011523437821453,0.0406939491150317,0.0228513412484146,0.0748728910678385,0.134214657801043,0.0800806362188986,0.0995033820736187,0.0952097238698409,0.06702580558138,0.0034251127078776,0.0579947124634594,0.117285236017979,0.0882332360035282,-0.121598244776905,0.455413771081867,-0.083283328568562,-0.0319214733228786,-0.500795017176092,0.0049998762026679,-0.0915017842719366,-0.631144604437276,0.337673173665045,-0.243897929105605
critical,0.0143506449659884,-0.134522905268765,0.0866140756519949,0.572370658241618,0.26600577448145,-0.0133226269669033,0.0283448640193817,0.37574690734762,0.15103307283814,0.406319148974945,0.363916550927934,0.0603493583642588,0.0725616178073585,0.0603838611915903,0.444037015671421,0.116451734498208,0.237676641635792,-0.0014974157280802,0.105479165483122,0.002349446259121,0.106113893447359,-0.0736558677457268,0.783915889860377,0.0932432383411417,0.196019961853008,0.163049037228793,0.196178170545324,-0.298468917950152,0.122084398179729,0.0751356341587345,0.164749126606808,-0.0455465392894111,0.401948199809852,-0.0148323428730576,0.139291340192968,-0.138703146261932,0.0090168403024423,0.129875728771198,0.101971945847918,0.260979449932651,-0.0383311080544169,0.0544550567289126,-0.0523678667351401,0.0017411673615125,0.0958606588787641,0.104376710689343,0.100490193807854,0.0778809793815622,0.0859848008201526,0.0668048286040862,0.012951627743291,0.0899391157732493,0.0808418169791829,0.123376283803442,0.108224415806513,-0.051524523996576,0.0855101206820013,0.0873608769676683,0.04826563061138,-0.242889435730796,0.145685123282549,-0.0033737209670105,-0.113220672591296,-0.0418002644533187,-0.0388337333097626
critical,0.142002428082305,0.0852489637860021,0.0013494991967183,0.519408381981191,0.307675995673164,0.146066246786749,0.127558702787909,0.301610566982669,0.168549245081838,0.0837986135132926,0.217060626907742,0.0837883052565401,0.268844651957933,0.230246361293034,0.354190959831223,0.178661430708136,0.188533279932456,0.294722072673751,0.192559454935463,0.17910953145041,0.234261563876768,0.135210986201277,0.46234090797188,0.114296746432742,0.248025413161873,0.189465211092539,0.26152183213172,-0.0639052783919529,0.290864495265063,0.185426892883704,0.270722126034721,0.0023599227964502,0.417999547158981,0.0888233431879487,0.255850304101066,-0.0232814735227869,0.169681857359673,0.238760035239939,0.24495061351366,0.103966493350944,0.23856074179504,0.188942588932041,0.183676547577161,0.189475684478765,0.109827607918679,0.14971284304806,0.235778264119052,0.187930516368187,0.23258944514782,0.290335430828379,0.218088088199444,0.178415552902762,0.239090891221037,0.357660180934663,0.158834398318525,-0.0601596448680287,0.117267969738164,-0.0309786223558412,-0.0233387145239783,0.0160434546644136,0.0239145028329373,-0.0785374205822509,-0.131644429399675,0.18847511903947,-0.162333840317717
critical,-0.0902070414626028,-0.138539104753664,0.0572766309064715,-0.227026077217666,0.0828723294501891,0.100826673962706,0.0033474709204609,-0.197314255761661,-0.143448241083101,-0.103682808690121,-0.29990639297403,0.0450565349939153,-0.0395508900960009,0.0089014564673485,-0.173402658820437,-0.0181362327246595,0.12435876929737,0.0342468445818811,0.0661166499100592,-0.0810539318759426,0.0366316498736916,-0.0056236466134768,0.449171713538451,0.0654930640151164,0.0342191997624236,-0.286906565863345,0.0080883981846898,0.0692530368846468,0.011116040353923,0.0162836153044546,0.0138581054769716,-0.0212508169440945,0.069104964666849,0.0532769756854044,0.0153439425732254,-0.196914300563028,0.0702950127565967,0.0199584084158733,-0.0347680641270596,0.105572470067244,-0.0432742104120762,-0.0093118466747841,0.0436937918018724,-0.0076321317888228,0.0500185017048298,0.032593254187815,-0.0046794822396895,-0.0850355247991064,-0.0935464999247834,-0.0380028310018022,-0.0247196003879371,-0.0015904057955689,0.0092772503506567,-0.0062121216741673,-0.0393836038273862,-0.346964530319076,0.224024384449341,0.313533934496002,0.167449510029171,-0.42511007121983,0.272726091330944,0.0118959416824972,0.140070468919638,0.410739273730269,-0.0249424302253613
critical,0.249723560785264,0.262828624645344,0.0376290798023376,0.234263754366597,0.063012592451107,0.0750540619445454,0.0509849977906799,0.0271514625486371,0.123544212455739,-0.671685859135759,-0.259612932052484,0.138718366402985,0.0761140017512663,0.134916013474202,0.123745316671443,0.156109687143779,0.128628802233078,0.0674271961266547,0.138213789014333,0.142709839876861,0.110507163185621,0.131851108894393,-0.63113037092517,0.180291654510666,0.158159723020065,0.188336426226781,0.118305058063808,0.343724132161858,0.258431552520537,0.0323398855206949,0.0844957122967226,0.0802878569790022,-0.0141192925948763,0.0668961498766635,0.0952278396792422,0.177170947105302,0.0261328094467058,0.0816581579483533,0.0480632638777513,0.0708408383265621,0.125939633134337,0.124660577755509,0.0950475793224898,0.0815397972041035,0.173937144811337,0.0663009748598546,0.0761632184803387,0.129766298715093,0.0899069837324289,0.0419640639574001,0.0095822776014083,0.0829540299617204,0.0828819826979746,0.124290529486633,0.0455719424107672,-0.127569504998145,-0.425626577180982,-0.0401799044301714,0.0964291764487244,-0.0495009501480566,-0.29586757096027,-0.174261641556652,-0.002594431825007,-0.43969933350399,-0.105097900698631
critical,-0.0604784557584826,-0.099546359129232,0.0953695771493448,0.0864721898781554,0.0533211157143485,0.0544845050176965,0.0188590213834503,0.121661468424281,0.0616230931710709,0.69623669998356,0.232727175567013,-0.0552637163015619,0.0552747776332042,-0.018520563441028,0.446732084966713,0.0519714563063632,-0.0361996283827442,0.0309305565996788,-0.0111478521484727,0.0356294862105079,0.0452000490061454,-0.0300286319263702,0.699204137256784,0.01381497021922,0.0513657915220545,-0.0909185041319445,-0.0221187249029419,-0.262673554246346,0.069878178951219,-0.0033006100097212,0.0584696583015299,0.0081397952701635,0.0673946262934805,0.0493467247632223,-0.0067111486496943,-0.247349598265653,-0.0376796210029369,0.0798114894729807,0.0420627857892229,0.178630431318284,-0.0004975667226043,0.0883815916354272,0.06526739649997,0.0511799495309479,0.0414852139384945,0.10078216854906,-0.0066078455119356,-0.0132737873617692,-0.0771383305823571,-0.0535048106216106,0.0556817742771611,0.332225935317428,-0.127756565442883,0.0004490083256093,0.114356722659875,0.117815840104721,-0.0994837019290652,-0.261609460278235,-0.330276483026942,-0.122064308769841,0.0570168037889288,0.0626308203330885,-0.241698849100537,0.0320481224110406,-0.003847505670967
critical,0.0411090986800591,0.0394854525517254,-0.220818200731128,-0.0345490448031657,-0.0051015101147687,0.0228475541816074,0.0154409494278634,0.120271027555435,-0.0057228511577419,-0.426414301677602,-0.151032654396966,-0.0518651036092699,-0.0299795194204593,-0.0954660973706956,-0.0984566871289944,0.0484361442726897,-0.198436253243787,-0.0082157718863552,-0.0089493059263971,-0.0140254589856627,-0.0023583086649008,-0.0947246064113366,-0.488698129129586,0.0346179785183445,0.0118169683901359,0.225539268213709,-0.0134410010247056,0.0031755496213442,-0.0088668317003197,0.0026228237713925,-0.0745946781135384,0.0251753830983213,-0.192947089413919,0.0262915274228953,-0.0348135360721955,0.209755411147465,-0.101489744072008,-0.14028461130233,-0.169667669303831,-0.190687469180517,-0.0527488355703568,-0.0111018762591246,-0.0185012894098203,-0.0168604484760397,-0.00629645064138,-0.0231744518072238,-0.0145274807640406,-0.0116324686631023,-0.0402974942981277,0.0357458595038974,-0.0287197103879611,-0.258884253611109,0.0438214493891403,0.0746342420175857,-0.102777626552012,-0.265418427836422,-0.188590132517246,0.464933583150672,0.0682947813224995,0.305528591620112,0.211782212004904,-0.0304415397061236,0.464439456722155,-0.0183645134942999,0.113844313432937
critical,-0.0771726719358031,-0.0324023623081373,-0.237817085224939,-0.0235859174174751,-0.124615415510571,-0.106751146746222,-0.16893680027025,-0.297143447248815,-0.117924862945087,-0.453965897782572,-0.126761571986885,-0.22846735544935,-0.10775266188412,-0.0421880223802878,-0.385634722482125,-0.198473837102337,-0.304224208855735,-0.0875737583852148,-0.0906734887991498,-0.223317620989303,-0.123004429396203,-0.197026439159316,-0.594155357526619,-0.0877304751192419,-0.127928185035242,-0.248556690627234,-0.133913456922911,-0.133638174560645,-0.120453054199409,-0.0867374303224309,-0.156616552829006,-0.140570322138309,-0.266074382676328,-0.10606444525757,-0.135576556692878,0.104524768941007,0.0013886458639734,-0.171297551211443,-0.151559661305677,-0.128088782718506,-0.0026811277871918,-0.145668611196489,-0.136699492818104,-0.121564240631827,-0.112609662005371,-0.183001011106463,-0.106723751671599,-0.0478164464636354,-0.0968251286516453,-0.164465682191599,-0.0874958287588885,-0.203852374291132,-0.132611444905566,-0.0554119747114216,-0.185369286754533,-0.0461148352356115,-0.0017862490648187,-0.13789656389403,0.115655449965889,-0.0145471031114737,0.0825655359443789,-0.0973745353482104,0.0206544416671684,0.128142220835885,0.0914362045244951
critical,0.366091033524728,0.208830445065227,0.276443071628274,-0.0939473844853788,0.0007621205017166,0.38176313401681,0.004506089876826,0.450640837045217,0.173764488564023,0.407709959540235,-0.147159831798041,-0.0013268212343041,0.0968889051164892,0.178993983234862,0.158893944076732,0.184090003981044,-0.275095013214503,0.107708524979001,0.0403456262042155,0.0854848011420849,0.227824687895871,0.149486830898046,0.197376394525059,0.106968955728969,0.273051688707559,0.267282318301136,0.291768523335132,-0.0238171776015667,0.05387069207925,0.085033810511803,0.0559788445933683,0.179827222762782,-0.289583471589516,0.0029300698958103,0.0661393060974305,0.169577676437558,0.240211333480413,0.041517966862196,-0.0385658005684037,0.243237817200279,0.0144507900809707,0.263503037040829,0.244049410111717,0.29489684420751,0.197600280381365,0.272236838920225,0.0410331939723275,0.220519493688105,0.291349312838472,0.381954669949462,0.0790541410834066,0.25666281240422,0.217478829596056,0.250607441542925,0.194673898786211,-0.646841465932143,-0.715410803857839,-0.34665575843059,-0.110011838508009,-0.405214633321512,0.3968138140885,-0.319458027777545,-0.019860487830841,0.0234372717011736,0.0140389926636671
critical,0.0199439693733561,-0.0671540417269734,-0.205285437029665,0.0312361831417648,0.115412179742994,0.0508758997755414,-0.122419554037721,-0.150510143645028,0.068452733003318,-0.281860574105085,-0.016802804253946,0.140620104310076,-0.16733357581617,-0.0164810294839135,-0.38652665737952,0.0292447806495159,0.148976726468802,0.0966927912070747,-0.119068718257321,0.105768537541021,-0.0251550377042101,0.0295789960411497,-0.272825123394746,-0.0410568969030767,-0.13468397170346,-0.0190214333024023,-0.0071766508600817,-0.015596485175841,-0.0323935624864122,0.0188211493742351,0.129807564675016,-0.0398751426931101,0.118025460941529,-0.00536111466414,0.11088847757941,-0.0641807289867227,-0.14444543159709,-0.0480004181118154,-0.13230368769265,-0.146179663472639,-0.0975736983370981,-0.0038963481382733,-0.0445520770672901,-0.0556046346907792,0.0272000892561106,-0.0901703054620507,-0.161953887787078,-0.0441966828711862,0.0490411730260692,-0.176821753003274,-0.0665514117228744,-0.176064899556547,-0.0494025448472166,-0.0828877797746639,0.0511239143294446,-0.349472642213164,-0.337570042465268,-0.0836680523212971,-0.218034474338285,-0.242095789481643,-0.403055785602359,-0.349821803088804,-0.143089083477791,-0.406392951360187,0.146828240686218
critical,0.145192908948737,-0.329509195811218,0.0923618340271831,0.170541547732411,0.135430443424883,0.357207077160227,-0.0048967157559801,0.230816288408744,-0.0267120003685138,0.0528728612530252,-0.121638143229503,-0.0071107709625595,-0.065167556831745,-0.0642709859866523,0.0328570345608604,0.0923929246226548,-0.120883322500654,0.204853492582455,0.0962998846372452,0.173174994535767,0.186844848371345,0.051639814325438,0.0663608756630817,0.0301812712460733,0.0937739726240838,0.0554749002120572,0.024776337087861,-0.019405607818878,0.212896948049756,0.0066017506486343,0.0979418205275234,0.176727292514964,0.305476689376677,0.05084558892377,0.122589705401082,-0.0741613679900163,0.0706006728008995,0.123114919508471,-0.218468375128595,-0.0308736383042799,0.157572858017456,-0.227116423305393,0.0189573495162629,0.131439840880791,0.208808173831502,-0.218700363503509,-0.0022970964126856,0.101606851936587,-0.0258488982661682,0.195120416484949,-0.0494793344435572,-0.0279988025540505,-0.0746776563557055,0.124588851450859,-0.117440330798724,0.0294653108934814,-0.170219268584489,-0.0174205381007077,-0.230134477014613,-0.0093222284102906,0.022770689067759,0.0538683113477529,0.233639212011956,-0.0220032088654995,-0.516948754964247
critical,0.392668961070221,0.277102274237749,-0.20572052170412,0.0261949417642361,0.0075368909961744,-0.016698771471055,0.0919523515572916,-0.0877474710938713,-0.115059595444989,-0.377168192075364,-0.217145479307945,0.0189779994457681,0.295809285483842,0.0555133341136331,-0.297921156363339,0.0695057970889564,0.130886888404604,-0.161476061571573,0.1121432907458,-0.0150042424150193,0.329961206940155,0.211604667467925,-0.296805760465333,0.119439600808796,0.148255954507513,0.0348464023615324,0.127812859118771,0.349507153677617,-0.0247934235642638,0.125849169794349,0.271899912380166,0.0918768056033363,-0.131548843737957,0.162718731635594,-0.0443050197299544,0.296976203513091,-0.101118515872782,0.020654854343152,0.013843269176647,0.28845890053125,0.265238065784769,0.179634494729496,0.0638985239575895,-0.0499547862545817,0.178355426203652,-0.116872549115405,-0.250211684757538,0.150574009496388,0.129590086138146,0.268415652622858,-0.0023002762754267,-0.0109089831005176,0.15999513660557,0.0899413710671615,0.18531333322076,-0.0383740596191758,-0.109243697478992,0.324902583611112,-0.0993276295215791,0.300825467277091,0.518042964853735,-0.382678254591926,0.164756235726894,0.100252161264765,0.0478776605697449
critical,-0.199194661390449,-0.208979165128351,-0.155639280643704,0.12455201041127,-0.146195775201241,-0.205759042075028,-0.18445543525419,0.017287214005798,-0.181732614297347,-0.293610858051738,-0.029544606078291,-0.0827555236828643,-0.178686023891097,0.166221409009392,0.0263172256931645,-0.145941182250622,-0.251652884928457,0.156852201109622,-0.131158153232069,-0.183920822601238,-0.145536104179895,-0.165977148681333,0.0568073737201063,-0.18279586420619,-0.188407504222412,-0.0003767361547959,-0.162770931347538,-0.371608650374213,-0.13236502675419,-0.173121781885423,-0.15371281824745,-0.181172173210723,-0.0256537200016732,-0.164615528297943,-0.143098088595928,-0.203616383572511,-0.154474714924989,-0.189503654458409,-0.142091068804786,0.0912147477480501,-0.201127538284016,-0.170632572555137,-0.175307342409617,-0.139208870819253,-0.184415496621647,-0.201884567764743,-0.15533391265251,-0.185535069386956,-0.174622554835785,-0.0955323655796159,-0.138018027465632,-0.0913782260518069,-0.0641027473547659,-0.191049255760463,-0.188577480673378,-0.326820291046812,-0.102326589548777,0.092477194811329,-0.113782369419931,-0.383224321819915,-0.0238745054068818,0.0908133170540706,-0.299375167909173,0.0791247816867763,-0.041217372374203
critical,-0.21736181018652,-0.295085479717045,-0.0292469944245579,0.194136352502178,-0.220668805290642,-0.178961021608457,-0.228172000478896,0.165775534971371,-0.211238525027279,-0.0375811953518139,0.121221281852565,-0.17608002110443,-0.222243078272072,-0.0725706818096459,0.123301642075759,-0.231104670108726,-0.0038299318230674,-0.219080423243479,-0.19862899929968,-0.216510740671032,-0.235165076410423,-0.229147425873627,0.293330868981208,-0.233308409687861,-0.235744094785644,0.110482928964891,-0.227196613948057,-0.126344740680933,-0.223124342955306,-0.223874151147455,-0.214447252065334,-0.232567932137953,-0.0105174343792034,-0.264056089741591,-0.226627592696529,-0.284467651139963,-0.245552832396748,-0.235254786051592,-0.202269849532443,-0.12772582974567,-0.26261411936008,-0.258500201496251,-0.258454068266727,-0.243410061384406,-0.242121438761539,-0.221208157699339,-0.173723478763397,-0.219227947610025,-0.236341124339387,-0.215817054640556,-0.206611680976817,-0.186647601953971,-0.153451882442478,-0.21943979760697,-0.228651962817385,-0.0917344261591446,0.0875717731202237,-0.414749017563385,-0.546830251939443,-0.466300852595779,-0.0378831940223692,0.11865397620564,-0.667431153171815,0.222019205575465,-0.31806185622686
critical,-0.286128899030601,-0.281708343850225,0.0374723064700668,0.105394936205578,-0.0533598490145207,-0.0142660340498034,-0.0552305584407898,-0.202821087200653,-0.0672789150894577,0.160431522202024,-0.0306044281903334,-0.0187030076283128,-0.147314989537653,-0.0583607768466422,0.10031655174897,-0.0476438335977422,0.313657056479405,-0.0118383508106538,-0.0849888239421695,-0.126375730777063,-0.0825095833295092,-0.0890447006704035,0.577591420243307,-0.0991085988650015,-0.0854062703793289,-0.26828890743018,-0.0570949288631861,-0.217093193276898,-0.111993373331364,-0.0395739122429494,-0.0464666726243381,-0.0754425656357544,0.131022838491872,-0.0108501240821852,-0.110946919352155,-0.184354124984001,-0.0459522163355353,-0.0087640898721116,-0.0243698721312801,0.364033604566112,-0.154155809985401,-0.0714312784786594,-0.13659486578727,-0.0857208072173931,-0.0586094640778323,-0.0786836164777897,-0.034610000280117,-0.110938869005004,-0.102655603234169,-0.0724697411002157,-0.058915995263563,0.142271369986785,-0.068217603843612,-0.13971432183051,-0.0495956177536604,-0.307855931826029,-0.335965580181869,0.250584503403981,-0.0654821946855454,-0.0785527688605487,0.296852207591885,-0.080493974690453,0.59586843500577,-0.140434424989466,0.0673690867994242
critical,0.104405341476635,0.0040271581131016,0.289857421877765,0.0494264990320344,0.137637025195998,0.121019699507839,0.120074532633089,0.0940500276754307,0.046437644365408,-0.0462165864052816,-0.0779981982625226,0.174460127505297,0.145962306405406,0.0362706555282033,0.130192160612877,0.0148975733048922,-0.157997837295422,0.0120790273554229,0.0583689270263776,0.0681851355335908,0.161494859238423,0.0296867201747529,0.0106619684702178,0.0971734143091259,-0.0822844001801899,0.036797253873504,0.139904897514752,-0.0873127943066626,-0.014794810776596,-0.0319901559168268,0.13799100610539,0.0879003726941292,0.136149256662485,0.178520028974876,0.0705653276149,0.115880775435018,-0.0510076387605058,0.114192895643325,0.225417262573268,0.125478178747855,0.0186174375143005,0.137335730063301,0.18017726237984,0.096976863071599,0.270112149823245,0.041355733374113,0.139402169311081,0.107007980699351,0.0843838839418721,-0.0717573170109947,-0.0081592616192549,0.251663597022091,-0.0609022004708407,0.0886304114436903,-0.0127428231923806,-0.523368028591762,-0.0525313098536461,0.0040972151068512,-0.0129866430361313,-0.458996897655671,0.492160460845718,-0.280801479273526,-0.019348542851242,0.374905854206225,0.0075094142719761
critical,-0.025739268862352,-0.32342690169771,-0.327394485757587,0.42936858247805,0.0815347669588892,-0.0660294638454894,0.0349569951304607,0.677715725510695,-0.0035159970471945,-0.0306255240325128,0.521213088771971,-0.0347194308021285,-0.0168978624023948,0.0034427741532633,0.250362482232979,-0.0175233638075356,-0.633960893683293,-0.0209886422651103,-0.0108681089481489,-0.0756376372840315,0.0472797486580515,-0.0827511745410415,0.104914236470976,-0.0678513741169576,-0.0069548462617961,0.306640255942631,-0.0019968484668795,-0.791072497092336,-0.0169398250986246,0.0157278096471336,0.0186840889511615,-0.055385982371278,0.0137377781606096,0.0027206621249903,0.04315911875743,-0.0346636757121073,0.0313370081079745,-0.109070282055955,-0.0247372191968084,0.322634761174276,-0.0225860661250443,-0.04128597634782,-0.0436357022621924,-0.0091929771203001,0.073429108343867,0.0477224694800683,0.0055366803242374,0.0057215393188281,0.0518709147540354,0.0140112102074496,0.0231092773555195,0.0479579210743662,0.209576838828389,0.0560845321462558,-0.0305970251187693,-0.766089850349769,0.0357295486420882,-0.112259144405559,-0.260859732791754,-0.423020961558962,0.690694640870653,0.090499468458432,-0.122605796844148,0.664322741727978,0.0706092461543448
critical,0.232895786486494,0.142010856772969,0.260990586671007,0.148967251034207,0.197628946316949,0.128901674370771,0.139386503028702,-0.0088071849074882,0.200139916389193,0.140380776666745,-0.0396839288195657,0.063234852997643,0.254719415552454,0.133452536870355,0.286299618451935,0.237853407710869,0.199890090008074,0.0905131986398768,0.213566202138984,0.195597218438936,0.214188073522823,0.317651945241971,0.117934668167323,0.220349374046997,0.267374107548013,0.108819305075528,0.241597850239702,0.197870331381704,0.294972450801045,0.155977703442376,0.208961039914924,0.22804194729909,0.19779400078977,0.176367144734342,0.226973223714878,0.0960861479901731,0.235234217842639,0.347811662690356,0.303226276603449,0.0087463098405137,0.289046160150024,0.18893030746751,0.200663060163902,0.213448737323263,0.146446130942506,0.178244499872695,0.320946316712541,0.149276489055871,0.224355249973046,0.0152428911471662,0.147318512730339,0.107819713772726,0.0836295567739962,0.263590105137071,0.158438404867055,0.27407089261522,0.163817499852254,0.0600066575787264,-0.4282154434705,0.351002435574348,-0.0752985254418973,0.148913820704226,-0.0395650637745626,0.259759905818793,0.0479905106431531
critical,-0.0427736242425936,-0.218175493180616,-0.248318185805486,0.277726929786339,0.002361519337183,-0.177467805710273,-0.149318698250485,0.153667466464713,-0.0082738676447722,-0.324180581556796,-0.155305915608661,-0.0805811271581588,-0.169836051532619,-0.0395523079319606,0.180906866993611,-0.0901160143849382,-0.473105503866722,-0.0272855099914374,-0.0677912954790664,-0.166052841692085,-0.0814515956866838,-0.220185267060097,0.0152480750812019,-0.107585863092595,-0.0574738988970872,-0.132382988959307,-0.0511212021406532,-0.48603695371838,-0.0608063508797924,-0.160058085497515,-0.117331551410077,-0.244527307831593,-0.0558297738917937,-0.161092530745472,-0.068129053982866,-0.192612405834713,-0.0839467345292495,-0.201084155360847,-0.114115277806063,-0.0529499903114135,-0.20352224935992,-0.130366268864606,-0.185396785969238,-0.121596870171136,-0.133163023558017,-0.154008171100853,-0.0870832283949078,-0.100832082614439,-0.125047730326394,-0.0113308276061167,-0.16612913993974,-0.120696777137578,-0.0090792985975839,-0.0670540173530026,-0.181700159831968,-0.102540254597233,0.0821962070164939,0.641909157766927,0.420779666081454,0.265208972135081,0.288786483500023,0.0271832163857856,0.630020412664346,-0.0386479697768904,0.166532185681517
critical,-0.364472064405344,-0.362684867625218,0.212427462426556,0.316775780361431,-0.396562287612789,-0.351567322353777,-0.388812808393111,0.429823773918296,-0.357482152834404,0.450549311641696,0.503762190569036,-0.375048100891278,-0.391602105072286,-0.258662954579796,0.322120002708535,-0.391723228542899,0.552414917363804,-0.327136144845288,-0.381086156659153,-0.375890384312907,-0.380669987249679,-0.379019501211535,0.458889993913659,-0.38276464235703,-0.346621588628881,0.264549897323046,-0.404124592057604,0.266251458417685,-0.400532379184626,-0.382645652530212,-0.394719001818874,-0.370569756998028,0.292751819014809,-0.370953168611033,-0.38284681623411,-0.352528721546007,-0.373931036599203,-0.362526303206784,-0.361320132597719,0.405674901123398,-0.373187132494606,-0.375053867730925,-0.368640205879083,-0.391677129196256,-0.371708973743205,-0.340146301972799,-0.383944717175714,-0.353547914020739,-0.359540920336262,-0.378294072375155,-0.390469107979139,-0.354832803587788,-0.325343434797281,-0.418702298959803,-0.337772945633439,-0.11340528181643,-0.12002858952594,-0.582460774088419,-0.614294318749018,-0.471470657494619,-0.232798277065821,0.139083555991597,-0.491361601248218,0.140564332731855,-0.167503416305575
critical,0.0153838036475132,-0.0875730668938603,0.278466381647201,0.474720320615884,0.0878783723626235,0.0051427740663385,-0.0334475436947673,0.0700629313140154,0.0420155587880471,-0.167697919358523,0.247679592529224,-0.0344858109073709,-0.0180212623295894,0.0771053194186192,0.331096744446342,-0.0577485204631626,0.384633351001569,-0.0637378944489057,-0.0039689875140179,0.0019601150007436,0.0437317781420855,-0.051755137204239,0.34037107394826,-0.0698454817107144,0.0523792530849704,0.152871484344286,0.0142168263114838,0.0960563628770771,0.0898865258077406,-0.0362258076493243,0.0451693975562484,-0.018142350116199,0.521480032151752,0.0003445128628364,0.0276558619165012,-0.134897017332786,-0.0865508307279293,0.0925115350147732,-0.0583708205414009,0.509327527582408,-0.0315324259470231,0.0076991324803163,-0.0629478440633244,0.0460627453754182,-8.32119934375495e-05,-0.0524828400225573,0.0201730157092214,-0.0190666212050895,-0.0666957217626296,-0.0224204116665585,-0.0834784663822283,0.163790059595617,0.0231107937806123,0.0112287851793994,-0.0293480506980198,-0.114214286745589,-0.205073185199027,-0.244739665264398,0.136285527523459,0.295337956272011,0.291278845314793,-0.00825128976452,0.309142518750741,-0.057945957477587,0.337825396662104
critical,-0.229426840687093,-0.31477103530636,0.150761419392307,0.308189354324147,0.0227791058641386,-0.143551306002312,-0.0788323274786498,0.0664862677376701,-0.0621246883781423,-0.0817243404395784,0.0956150471636162,-0.0358938802907179,-0.102649148856834,-0.0782341234136133,0.325172811624517,-0.147531847925251,0.180701774233364,-0.177244089416314,-0.0952619764588732,-0.193802652754935,-0.0640724133953001,-0.171414484521687,0.309468901666688,-0.0956147931247456,-0.0915694971800465,-0.0672010099382367,-0.121413380600362,-0.251683689715868,-0.0354336999855383,-0.128003286613333,-0.0909170068240425,-0.223474697311782,0.392317776174579,-0.137444560760969,-0.0762161330489088,-0.252147573739351,-0.13774108312885,-0.0292941628584821,-0.0672733226862107,0.328728360390956,-0.133269245634425,-0.149330135665895,-0.202249282144871,-0.142860505064524,-0.148982325426056,-0.157358775231062,-0.0468835805177768,-0.218165165273641,-0.171927871032082,-0.142902604955589,-0.0922586600179707,-0.056374936195941,-0.130154991939374,-0.130111696290177,-0.101270671266682,-0.383493522052233,-0.434692438910276,-0.20863177622909,-0.220280759124489,0.201730935304006,0.327105761913494,-0.231672389836666,0.232758661334136,-0.151731065799823,0.228448381570794
critical,0.05715595957853,0.0790300651959165,0.238000262578193,0.395623374131131,0.270124124930529,0.144204665521232,0.24093363129525,0.0475169537415338,0.188833532336415,0.123214249386574,0.389682837373779,0.112352916671064,0.231255666935546,0.178453211338045,0.4764095648964,0.154463534394905,0.54054273411496,0.186183537729053,0.236888826559841,0.0771337806421307,0.315537940732923,0.195367535446265,0.400393937773284,0.128397233251273,0.269260262589336,0.295712586495123,0.2151000777356,0.475671280141881,0.274952872051836,0.211432631624776,0.225325696031846,0.164972016782365,0.502715995848694,0.206573048009479,0.217947884130952,0.117715056901491,0.0270445696925493,0.276475319268842,0.148438618840216,0.431121636913674,0.174711406315068,0.227514223272883,0.204169716563901,0.119537766590719,0.115739283279137,0.188360880316201,0.218543611605672,0.164156958804901,0.179282642045817,0.203587307872939,0.199553560817964,0.239286118509968,0.160327456743554,0.203743338406914,0.165797846537633,0.0679302305103782,0.0295100652670129,0.0079211517129988,0.258571967106213,0.321452331751337,0.528405089629161,0.146422505774938,0.482398553741987,0.241428661717311,0.38725302776637
critical,-0.19607647407468,-0.261312112282959,-0.153231299887581,0.390259200582098,0.165375602193769,-0.0625361269540021,-0.0896456168163518,0.170795182660926,0.0015062864284988,0.275267505040877,0.358393919192252,-0.0034904450332534,-0.0827471764700183,-0.028983744873004,0.0516888282035723,-0.0735534313957357,0.0432711266117647,-0.0460672771275276,-0.021033299065584,-0.0910013585915978,-0.038953863954014,-0.178976142780872,0.582762454962641,-0.103731265717814,0.0449675377201613,0.0715769699610953,-0.0126802496832974,-0.335174965184426,-0.126492944479976,-0.113405940337247,0.0022478170316595,-0.185073484079445,0.141621857886578,-0.105682493710533,-0.0267587967485715,-0.160387048521077,-0.111300888371381,-0.120503076002631,-0.0268546544511276,0.105127427644134,-0.0944460909822077,-0.103435401592146,-0.200594070128645,-0.125064302835966,-0.0553662934402586,-0.110424131096709,0.0111656812038682,-0.130875094682752,-0.0400366408808058,-0.0367363326161968,-0.0988626008009706,-0.14406708993612,-0.0459319520935356,-0.0443362102880445,-0.051224701637402,-0.401505984373431,-0.086947012039056,0.0179869442394202,0.156106601627087,-0.135225713907953,0.381032073152584,0.0445210932764166,0.221401826005392,0.163328707020106,0.258268727412425
critical,-0.042941493386871,-0.159643009686375,-0.277578672544708,0.164382373675221,0.0015472812476072,-0.157200845397088,-0.265322069224644,0.186070637007771,-0.007342951257217,-0.124464495933366,0.100548760345445,0.0002962625942963,-0.151865073164841,-0.0367776956450193,0.237424774694924,-0.0389028804494783,-0.22920810727808,-0.0769609609910271,-0.180915995723258,-0.208976515670157,-0.0827670645112337,-0.114771773641117,0.177456639774169,-0.181428206017433,-0.0208830844448753,0.011638270577001,-0.0597601677084403,-0.344723646388424,-0.168074706990511,-0.141765504166408,-0.136308251525397,0.0566267292413882,-0.0323503133124658,-0.0409862806445997,-0.0630746479759806,-0.188193136090955,-0.213166039148113,-0.124181452090164,-0.0729291295088991,0.191781023581586,-0.0929677416342947,-0.164253026194743,-0.147250968916899,-0.0167811477327377,-0.0723311435802527,-0.145162561580317,-0.0911920057824065,-0.140730669150718,-0.166835082813681,-0.111241186296531,-0.0666946734062824,-0.0978810891829959,-0.0394148400861459,0.0038250656793982,-0.231342976090824,-0.39551527475057,0.110943851542739,-0.0434624360147348,-0.0297627337994862,-0.0904674681268278,0.200972809174529,0.155672954035954,-0.335259242102279,0.294377186230284,-0.10448891875336
critical,0.0327978999086599,-0.0105931331253538,0.298978556493108,-0.210895625412231,0.0923581292685228,0.0497061789151074,-0.200697588499208,-0.599124679898795,0.0678990488690802,0.187938064623068,-0.361951870711425,0.102220159170292,-0.030874741371953,0.0685964695363552,-0.43889380138646,-0.0908822737532244,0.529510108589114,-0.140770772752105,-0.0022442657213888,0.0233257351635395,-0.0462785052177178,-0.0263508502528159,0.403740871115991,0.0861903822144985,-0.0529779822766559,-0.259977363097466,-0.0120719410960914,0.552210592287439,0.0467387505205766,-0.0296405744343093,-0.0483008923575473,-0.0464867637657585,0.0380621245863153,-0.086276052446315,-0.0167034871280844,-0.105830890570705,-0.0408297690316214,0.0685218924522752,0.0630753323192196,-0.356510599887278,-0.0472253781994352,0.0818913652467578,0.106843451409511,0.0117294349376628,0.0133064047687752,0.109774705492803,-0.0297272795949525,-0.0803097365890326,-0.115753383781863,-0.179439880172493,0.040034085936372,-0.0946243587049505,-0.0451960346352719,-0.0512487018414217,0.0280304549239565,-0.78622114993679,0.200809905369221,0.550530541586036,-0.274747552054472,-0.384866370823649,0.703999044238671,0.0702512272406892,0.587076312299024,0.737688282811884,0.0767271184067035
critical,-0.0497793191107888,-0.105057265716514,0.202460644464178,0.278847210262699,0.214801656158792,-0.0632440955681523,0.1408143594675,0.0429351935622781,0.210287487347124,0.269132590730448,0.230597963862512,0.080132918356223,0.122570459450301,0.131862533673091,0.227734298143497,0.103764931002156,0.295985340812057,0.0579857849268169,0.0854876256645852,0.0101175082941499,0.105294226497516,0.0141461895164352,0.468859952829562,0.238361903067084,0.158700554605753,-0.0697558547431651,0.0891257129802153,-0.167725707078912,0.110685092017961,-0.0033486841526989,0.0666553769236714,-0.100710183589585,0.321090391171627,0.137363784377735,0.156829780185498,-0.280671695505321,-0.0778733207787739,0.224982329995883,0.102530779181447,0.136562674725186,0.0270361674543178,0.0581353381342579,0.0346785509296763,0.0282425059582939,0.237931018563243,0.086674264959634,0.0439621729734834,-0.0066195511959624,0.093086290206737,-0.0204528795171038,0.113453683684204,0.128350261719916,0.134452151896733,0.0894488561053653,0.043763070256085,-0.0778799049458204,-0.332451233914365,0.358685240473736,0.410684692404689,0.355142251805988,0.441098657051386,0.135213558901185,0.688379824449481,-0.124654006135145,0.543549408311251
critical,-0.122941784440087,-0.122644133976861,0.113243941667275,0.0144739076034924,-0.0897411887337874,-0.055373965782887,-0.0732831218064141,0.0580268953612251,-0.0933875279578713,-0.237953955710884,-0.150796778620566,-0.116049664295715,-0.157996767332905,-0.123335542227823,-0.0158006722917168,-0.125220048410454,0.150489279122892,-0.0527448767409683,-0.0966689394666609,0.0599025209434025,-0.0499049064257335,-0.0867597777629524,0.148478925915716,0.0120560898513758,-0.0736381724314241,-0.21088570331438,-0.134108061329384,0.0935866072425688,-0.105029389520878,-0.0112330708849705,-0.118313739535423,-0.0398723628043447,0.29859860529719,-0.112598802400206,-0.111153570991481,-0.142639541332848,-0.0470810239320755,-0.0126150963727647,-0.012772882705982,0.125581602222528,-0.0903996465647869,-0.0624510272554186,-0.103010642085756,-0.120689422484563,-0.0477309985233692,-0.138802779936475,-0.147124880646279,-0.172291043386185,0.0047017407470987,-0.170158755760336,-0.0539171059164049,0.0388953020392288,-0.181466241753814,-0.038522500650231,-0.0549441370277743,-0.334598167000711,-0.413125783565368,0.0794662696886437,-0.0588619302320065,0.24886919398967,0.439472196739492,-0.0589676331913455,0.519949777061165,-0.0761586207647527,0.223573318424719
critical,-0.672548279178514,-0.687897774755142,0.47780878626213,0.677414309977326,-0.64126440799089,-0.635939850656529,-0.663250058236942,0.453825216762824,-0.645520644096508,0.449186362772743,0.440634375329365,-0.586333952029036,-0.669259297362395,-0.342029697657207,0.688354033176898,-0.644590953728208,0.751061334901698,-0.409091745026625,-0.674258025290596,-0.638939959922995,-0.639758294855165,-0.671400060588054,0.761437443758034,-0.659473721120772,-0.651844098318529,0.273013610901368,-0.674841337791503,0.35514588514156,-0.641260750321211,-0.669990937746,-0.669377598742268,-0.667928836385721,0.593380645986195,-0.660212442493648,-0.64772693906652,-0.665022596946968,-0.658948742773928,-0.625382711230878,-0.623927807260769,0.627420263531723,-0.666774572518831,-0.653200750212477,-0.661084601678941,-0.682750564303582,-0.647005296560446,-0.661311029861809,-0.632793721995155,-0.660256365909169,-0.650744622085376,-0.658118406116372,-0.64797122381725,-0.579828653633881,-0.321659660096936,-0.677789197552237,-0.646017835340179,-0.0488974753680119,-0.0428109619436075,-0.133084852056939,0.101987656673018,0.192728079717159,0.0990302052355649,-0.165553519843583,0.0426086709128264,0.016491109093323,0.0987127637340025
healthy,-0.179687945212798,-0.224706749009158,0.264098360855543,0.0264940495224139,-0.0101679505299256,-0.102232942623541,0.0422770496709347,-0.0066365529772486,-0.0597870178663821,-0.261079850646549,-0.270832430184741,-0.0327584290872454,-0.0863530416506493,-0.0429666740843459,0.340578106985555,0.0345990386981502,0.102323901531657,-0.0812071711574979,-0.0232481293018008,-0.0612119718432754,-0.0527741213303681,-0.0314341892936515,0.317043648423043,-0.0660626721570395,-0.0921882220880912,-0.256313872137036,-0.0956591838732688,-0.213565995854675,-0.0852210235357806,-0.0713009872106651,0.0437629374489001,-0.0751698998488319,0.228379647932602,-0.0321621590619218,0.0452195147860861,-0.268183346675402,0.0531241981396179,0.149119427939501,-0.0299260293661912,0.26542365964841,-0.0237123867958292,-0.0569528863474404,-0.0823419927460808,-0.0491536240632859,-0.0280714030410897,-0.0572183839850908,0.0380223677279047,-0.125807011595246,-0.0295170495602781,-0.090439486176635,-0.0406857709999922,0.0789543388741672,-0.137073980992994,-0.108144069822012,-0.0838706562921513,0.0729390906578478,0.134366154810171,-0.0675419939708743,-0.104991753372711,-0.279410992224112,-0.206475746452348,0.004405099891146,-0.296918314741714,0.0398035908849592,-0.05264696626062
healthy,-0.285837106861217,-0.337337574489162,-0.119037613656048,0.198814977572982,-0.126076108209984,-0.0917316624669162,-0.100234968299949,0.0447766164214476,-0.0446890710062424,0.71751822416659,0.388537463034868,-0.142118926203238,-0.0449368256922264,-0.110086744375511,0.233387410451112,-0.200172748805491,0.121383597388051,-0.0543444888584091,-0.0571522306260586,-0.215331943861822,-0.174420780634777,-0.104668254962689,0.795716621089354,-0.228453762993492,-0.11459798971037,-0.204654148611793,-0.138397934681587,-0.340915675548764,-0.142756445328256,-0.182633428889664,-0.168492295161949,-0.0860238382424893,0.0615476561345246,0.011898646646606,-0.0884873570430172,-0.326978854458307,-0.212928827167314,0.0622475600442488,-0.0600414213275758,0.134069140838132,-0.0694185403396982,-0.105931165170811,-0.243101175044556,-0.0729323108289139,-0.143529921281654,-0.0816187346441651,-0.113794882046772,-0.242915247845918,-0.134638851471374,-0.253236460126844,-0.115458679904472,0.136886075271406,-0.0879526044224027,-0.181341611248735,-0.0300890602772648,-0.268476328713352,-0.194370176989727,0.581008669892862,0.497542830960132,0.107388656967887,0.111363835601795,0.182673078151262,0.703662084501317,-0.27952112911228,0.197591208149696
healthy,-0.0812094070111974,0.0178454673601574,0.0921205488523074,-0.0583122896798293,-0.0935242827767025,0.0639105656244063,-0.146085142596551,-0.123234273630522,-0.0279687882083207,0.0443543426529636,-0.238390555115165,-0.0538268763249788,-0.0077673159701295,-0.0316799347328729,0.0875674972868126,-0.0051199783963194,0.256435980125667,-0.0350662114024902,0.0474158815196734,0.0007465273029515,-0.0868669432908854,-0.0320004677482685,0.109697168817163,0.0300234429175639,-0.0501264879226726,-0.197270743152142,0.0030626112955787,0.0639762167309428,-0.0017802990979108,-0.0533794376264493,0.029596629580225,-0.034039383162926,0.0799265570626945,-0.0283693949710753,-0.0595297229897702,-0.157151255139324,0.0095338624811289,0.0922023179173467,-0.0517354205770173,-0.121652707523273,-0.0416190483296666,-0.0522498494551618,0.0363924960497896,0.110238472817884,0.0031650528094645,0.111961541213701,0.0023687966043709,0.0173741307816578,-0.0324257019798911,0.0112386125169122,-0.017425977794262,-0.0421516471671721,0.0022145620416879,0.0043472908319808,0.0918745551926281,-0.123477794163295,0.243846603184798,0.0983694092007201,0.0388305651450547,-0.241069212140206,0.200453446462888,0.0257389880863429,-0.136678936547509,0.248437256327417,0.0041422474733584
healthy,-0.710896730501815,-0.744895422842736,0.564168254594351,0.800751530698412,-0.717289987223501,-0.729530802530468,-0.776840205984976,0.704611170256849,-0.715606860513491,0.492227121175506,0.610187888662809,-0.758790035781921,-0.756991466028567,-0.563843342049564,0.729303332260704,-0.729492355044129,0.742964571555123,-0.552183882693,-0.740289502342932,-0.714596369186287,-0.707365367042627,-0.759065837546557,0.747372006590489,-0.730535704206028,-0.724856960494881,0.606112287854824,-0.731694684043774,0.440500678959227,-0.756890135320775,-0.7371324152415,-0.763684736516814,-0.735888664912524,0.734563111957471,-0.757752889764179,-0.739846086245884,-0.748408005254927,-0.738132211226947,-0.7234146594741,-0.728082048664775,0.676467821640227,-0.772002327518933,-0.743377617219193,-0.758456444050209,-0.754663433060808,-0.712207284985206,-0.745475504413401,-0.731267746746849,-0.721375362562632,-0.717558263712024,-0.726416525064626,-0.738488931075423,-0.712975313494187,-0.435854905093506,-0.736841587047059,-0.746842084851565,-0.362304453745229,-0.149899380421375,-0.191576029931043,-0.155395594851726,-0.584737896314996,-0.227615753619285,0.272942697268754,-0.425811173592471,-0.114885412275,-0.290411722714941
healthy,-0.373573551193807,-0.379455780161283,0.696581483179769,0.667141532950814,-0.416084014795407,-0.394167681545471,-0.431285966206249,0.753870937220776,-0.397731695460752,0.408986541521622,0.724151470743185,-0.350869465449927,-0.43083429564891,-0.568326241625007,0.753058386841907,-0.438719116855515,0.805681840633978,-0.643469814200597,-0.402305033582736,-0.394532367733723,-0.394000582476142,-0.428429611734525,0.595460320720208,-0.433056864575904,-0.378407924269885,0.669534880997513,-0.39990260499272,0.760148074233523,-0.423932556294268,-0.425331995333263,-0.416177245986715,-0.393886347770122,0.775859978199546,-0.433360967931333,-0.463941297987771,-0.395437809994209,-0.442223485736834,-0.415523353741433,-0.371373018493877,0.759842733988952,-0.436151967421201,-0.400958780766669,-0.426277017111452,-0.433902563800876,-0.416219095972491,-0.419721415943019,-0.402855299648555,-0.399588044718785,-0.390084033047605,-0.455814697774855,-0.42967538998515,-0.356520137446131,-0.458176838070484,-0.411059111983137,-0.399492009266831,-0.108474808508712,-0.346109571232768,-0.233530820040347,-0.607146101891005,-0.717093572106264,-0.547495255491737,0.533497160999843,-0.369771250879444,-0.467586720140962,-0.596222802416743
healthy,-0.0489777061096965,-0.0548096864542444,-0.169415163254679,0.115670339468853,0.0416094746794962,0.0823854712817506,0.0561716483385689,0.253770569102375,0.0627705277208579,0.757219364201958,0.510086146309979,0.0696894749370944,0.0919875897569588,0.0976816223899051,0.223608394930389,0.0019882538915495,0.0454384379703789,-0.0611136381760643,0.0309056216179612,0.0194311120485951,-0.0014257385582456,0.0439868349515586,0.643544026579652,0.0300771308956071,0.0711992206938249,0.15129546700651,0.0873385867236686,-0.233666736314637,0.0316494252875571,0.0538087597369682,0.0371067535152358,0.0592295782492472,0.0149571514517806,-0.0102190333601592,0.0067308828342466,-0.175743559119569,0.0088351837877188,0.095147598061565,0.0221168262786634,-0.0361126131059688,0.0920011667735541,0.0464765381897756,0.0421749801542713,0.0723438144532428,0.0054379542713268,0.0751086884416943,0.143420273572965,0.0228017590967795,0.0785908919589036,-0.0186480125825978,0.0653615566915346,0.152238867075472,0.0283488250088145,0.0211292263145658,0.133317095438263,-0.038905818654888,0.0676012447245134,0.757948825891666,0.404822741428296,0.199576518051497,-0.053234287583414,0.0187694370867167,0.45507465719578,-0.188534724887698,-0.214014228343678
healthy,-0.132545531818222,-0.223818136308183,0.225341949350901,0.519650452069985,0.10458964452129,0.0222259289404421,-0.0665282711130777,0.244613606410952,0.0124144631370965,-0.026536487075443,0.21120758600466,0.047534761359736,0.0030721948275175,-0.0180577895964508,0.449648400746059,-0.0607170682552956,0.511726393708548,-0.0408949484302698,-0.0392863818492769,-0.0435356248352966,0.0750664388543025,-0.0328213287327657,0.630211108812915,0.0514971877455394,0.0885390288769131,-0.0044817825505909,0.0101855253702505,0.0642198323588286,0.0197347117491748,-0.0099955223145238,0.0860952980417539,-0.0890781812231533,0.62829717615906,-0.0017848763573862,0.0113370364235207,-0.246157866346026,0.0240756923811837,0.0823106014847707,-0.0222656887384528,0.52238037918172,-0.172339983501887,0.0582341208928392,-0.106332820741836,0.0474735173699538,-0.0440347709449335,-0.0480940082143296,0.0645708297947852,-0.0492116976242694,0.0283135426763823,-0.0361283595665438,-0.0982811123283237,-0.0484791808868701,-0.0838545893963289,0.015511952075061,-0.0091230695456918,-0.299618579498048,0.449093665782498,0.378012176987041,0.459776892307335,-0.28586370957959,0.225701850657197,0.178221686951687,0.0380701774128642,0.36326304431629,0.0900655257914899
healthy,-0.162323990683786,-0.210265855100793,0.103984902077519,0.184411011030481,-0.184544320563,-0.195989603816618,-0.193061703477077,0.405828937311897,-0.196878556115309,0.331143467723323,0.552128292759667,-0.256796948650114,-0.173573784042335,-0.293206642151913,0.340707870966009,-0.192487719355725,0.0422651459015628,-0.236978466652773,-0.202370370403863,-0.181140461756637,-0.181330470130646,-0.203771851732442,0.28360639008871,-0.134796710849003,-0.18288501699684,0.233890664377228,-0.199471826953938,-0.0573481779744948,-0.214154696541543,-0.19342586577033,-0.189479590104982,-0.165987898253505,0.190817819756401,-0.18364033044094,-0.187689491995115,-0.212140197491297,-0.193566933094435,-0.176288912832081,-0.173148654895955,0.140267038197757,-0.187739621705081,-0.176259164885287,-0.19580986314035,-0.197090171906244,-0.189553613945078,-0.17067677283127,-0.18669568778142,-0.201425767010793,-0.171087855439468,-0.187926763535266,-0.17447508733676,-0.165872604637456,-0.132230877200494,-0.175020532862095,-0.215871808733999,-0.153418062162615,0.13418333567727,-0.196323096376349,0.14964457423473,0.0520394392751212,0.455111674564296,-0.24616090379467,-0.0128334029541023,0.511893151886484,0.413863435938569
healthy,-0.153256131893601,-0.105984674627919,0.329981192968771,0.288221688583294,-0.137267672887925,-0.096200613524041,-0.147365006034917,0.512703394562738,-0.128328954991085,0.446055705190135,0.522922551673525,-0.170713867032722,-0.154137339881652,-0.493450629135766,0.520483430718071,-0.112041642805711,0.321346890480583,-0.4520065141833,-0.136585774678755,-0.144148282890714,-0.152567639149398,-0.141801061991563,0.290672636967535,-0.150112405470715,-0.0903247919998748,0.373822802963598,-0.118567869782241,0.32830369296857,-0.170879210773037,-0.11736024445765,-0.121517851993438,-0.115601226761228,0.345617040998568,-0.153833429547403,-0.178280412272875,-0.124928436666589,-0.0879713377134651,-0.137904683030774,-0.109507844281951,0.466876510737564,-0.125909194487418,-0.124155535898623,-0.153552934957921,-0.0900192336030802,-0.0684897850680623,-0.115638470969855,-0.145549838490394,-0.0992140955004887,-0.125984149319021,-0.126298713779915,-0.126451756190558,-0.0524801060435447,-0.068006052032176,-0.11543767287557,-0.102928655549424,-0.392580882101798,-0.15509990392033,-0.31551175867014,-0.644658093426866,-0.660410987532135,-0.293464410111969,0.539841645636641,-0.212038690911587,-0.351221991336531,-0.379599668794842
healthy,-0.27900324439593,-0.433163174974412,0.0878273664292251,0.545945976704047,0.350009334799783,-0.0821211507990006,-0.0019764708067145,0.261693970869923,0.13146796316583,0.399812571455929,0.424850644334221,0.0036449672705142,-0.059358545033375,0.0479392537003996,0.444769822977151,-0.0713135185657667,0.23569522032517,-0.0560690743147695,0.0585913145701249,-0.0905956906527208,0.0600330630968025,-0.154706192638919,0.715608486612613,-0.0333150125399234,0.128444265584432,-0.124161457457006,0.013657036753653,-0.301254625346697,-0.109391902198745,-0.0660376756829592,0.132115798835941,-0.159105519000023,0.40674255393051,-0.0791177485355654,0.05540405872512,-0.320186875008118,-0.0936328723400598,0.0553935664986378,0.0192702310227476,0.356920821012476,-0.0906336072136338,-0.0762523278628868,-0.20123878671934,-0.0284965256980923,-0.081137923353855,-0.0331878551524386,0.0362664478736323,-0.158372360781288,-0.0062558207064346,-0.0512595223878672,-0.0857476734406026,-0.0539379988325341,-0.0179423518079499,0.0455050601659483,-0.0225272755067253,-0.523785994902616,-0.335989636690359,0.491307658606572,0.505360448483743,0.195849403393639,0.205901551462661,0.0097170421711005,0.6717972434924,-0.284749949016747,0.353837067101361
healthy,-0.541232958902569,-0.52197348472934,0.708471817784433,0.691361209575799,-0.53378584488865,-0.542547632662277,-0.53525867727382,0.742369079102312,-0.518116025320137,0.561383987565561,0.79720963275781,-0.516604574026806,-0.565451492373187,-0.702925132819039,0.734470063022754,-0.549486352040738,0.813569106288162,-0.740482207263854,-0.563562667324374,-0.542155184436883,-0.50720586899222,-0.550771994153195,0.592962337363962,-0.52283240780983,-0.536110327786938,0.729340336005835,-0.549391305330859,0.766721648221106,-0.525886285283825,-0.550126783833635,-0.562468968087766,-0.534364220605718,0.782225305938636,-0.555599211678638,-0.558204547820938,-0.534392331242515,-0.544884799510765,-0.525051863634031,-0.527137244327294,0.719939801511419,-0.559525229075909,-0.556905599603512,-0.554330406822442,-0.547168646032307,-0.517286851676245,-0.540725469309995,-0.510262175125536,-0.516453170106377,-0.540368199476307,-0.549797286590062,-0.530526079701998,-0.500491359235523,-0.731316270462566,-0.554545159176895,-0.539197504400051,-0.483856604862673,-0.163128882170789,0.604115263176174,0.717677882595907,0.626144838790881,0.761321262841488,-0.702709234027513,0.507627987605805,0.760399034910036,0.711442462866098
moderate,-0.0863728863698048,-0.0287512985136304,0.0499529502755803,0.0435756750299214,-0.0297028514210564,0.0294153019850508,0.0147855610226733,0.275086632893953,-0.0382412802993152,-0.0093368066817984,-0.0520337053949574,-0.110692868048071,-0.0408851942457515,-0.0328236914376607,0.145225351238888,-0.0063369437546391,-0.19844433237727,-0.118781598192437,0.0552177967681598,0.0310544360198848,-0.0252770220084702,-0.0089975656361534,0.0023500963601247,0.0068984385533556,-0.0236932540412879,0.106730276856035,-0.0480794908456238,-0.239358298347525,-0.127757333418089,-0.0401095842125114,-0.021498976648688,-0.0617058171943446,-0.0293096779942163,-0.133513423618901,0.0003353773025436,-0.0594907799361115,-0.113895133682458,0.0341930148172305,-0.0063016641705016,-0.179054760395094,0.072264342459447,0.0452045774176327,0.0087449383992316,0.0003054366207186,0.0216258045284977,-0.0286330679313627,-0.0080142162981624,-0.0633555787683735,0.0116778864396125,-0.0390704447673314,-0.0099746815424728,0.015238799719054,-0.0130204793191257,-0.0316546459365714,-0.0161325027866859,-0.0170757222777421,-0.146797460931117,0.0193729888891993,0.120803456819939,-0.174990772339512,-0.448820054926935,-0.0130488606050727,-0.0139451877464632,-0.248248248123937,0.0728989370139348
moderate,-0.214152406167423,-0.144014319285013,0.0781364001121383,-0.0404451032424868,-0.067517484650251,-0.0769134093200917,-0.132068641653821,-0.127422645005369,-0.0530483077529151,0.371086508844352,-0.0816869412974757,-0.216232879421336,-0.116816408454617,-0.0980866866810713,0.307307965512729,-0.0804173574667389,0.114022527223643,-0.164834035291239,-0.0526462202704286,-0.12075165939211,-0.0848720778556639,-0.0835004482208743,0.442055965452489,-0.130297470552854,-0.0661855599566837,-0.288664311981757,-0.0715514769998956,-0.112333591108535,-0.0071911553263466,-0.105974809447179,-0.0866651680586915,-0.0376299519602127,-0.0328335396539702,-0.0834395024781253,-0.117189651733086,-0.150516841373127,-0.0107445193412643,-0.0568269563127233,-0.111363248027558,0.0243079667786602,-0.0364844993704855,-0.0607307061093232,-0.0940895337033169,-0.0650180332238277,-0.0829672819601022,-0.0884346025598265,-0.10028754935826,-0.0584780729700575,-0.103555870524828,-0.0849626570006636,-0.13004803214148,0.123325236608225,-0.0538187521433576,-0.151436479477574,-0.0735453183460685,-0.0361671658510919,-0.375406887628417,-0.0945665087288118,-0.0636644438966989,0.301078793439862,0.068086216107098,0.0542486757029735,0.322772752279797,-0.23990191821747,0.0119960338736475
severe,-0.536089582416406,-0.583074261820146,0.598002138140275,0.713162325396311,-0.583773348710946,-0.569772472979901,-0.622222851088554,0.724365779606966,-0.542693797356182,0.543842342318665,0.74535663761822,-0.545346567149766,-0.567550920888489,-0.544483465338684,0.743709482510221,-0.591360326761166,0.768186878690574,-0.512284107234753,-0.567195942391455,-0.558625453589482,-0.560658562876353,-0.562412372711113,0.584893512383152,-0.575654196077213,-0.568892488158146,0.579707106476628,-0.582171009604206,0.608047646412196,-0.633710117886664,-0.594085790646259,-0.570043010105221,-0.590671584833111,0.185388500918033,-0.598314976170914,-0.575640874037997,-0.57199218701046,-0.589829467623889,-0.585096591608865,-0.551190086792051,0.61784715479675,-0.586072190072607,-0.576465264016888,-0.577267058905165,-0.57183457232448,-0.56757000117183,-0.566196457110479,-0.577672053815758,-0.576252778794772,-0.589221929657544,-0.605355036171357,-0.55094458533454,-0.567732343566884,-0.334459436738438,-0.588084353505253,-0.58716934967425,-0.0334637528665504,0.288019389763916,0.426269026096756,0.654624780502234,0.643572816639775,0.704454156702835,-0.534009311953753,0.434881646012368,0.675047571092968,0.138246389112416
severe,-0.608496605701354,-0.620592360289753,0.0592710464729738,0.595971005889228,-0.606311515085853,-0.598871286798037,-0.601280685367354,0.501142579049502,-0.576420281366511,0.508396678267188,0.591357274933635,-0.519816907236112,-0.57427962695217,-0.271758718263931,0.505345277925111,-0.568567157976589,0.455500577497855,-0.434352307936734,-0.627278273697826,-0.599749254622159,-0.585330354376256,-0.61018136912546,0.709335020142851,-0.586278044749648,-0.608252929292653,0.446860136621342,-0.607428092047419,0.0742909757800441,-0.616830000976546,-0.606163257667235,-0.605934987240219,-0.602906138699719,0.485803262572132,-0.605772118784973,-0.575302960692834,-0.590597555899102,-0.639992343686515,-0.607312337851414,-0.575951931064277,0.35750409720828,-0.588788787998621,-0.606226956469339,-0.625366960575553,-0.60563298996344,-0.560960274151189,-0.586782861231042,-0.572109258344802,-0.603908801929205,-0.576924968898564,-0.615718871051568,-0.593174165775103,-0.583695353280435,-0.429911488179422,-0.606959219717566,-0.589361077216067,-0.265466767285164,-0.0824546671705037,0.0931615406457512,0.192489594929129,0.0249250350549352,0.256798227724066,0.0002427115447713,0.25559728432409,0.0559457216810723,0.0477756868748351
severe,0.554149913962428,0.605042223617915,-0.235864395589525,-0.427803440877323,0.564946776149801,0.546383235317855,0.588809117966092,-0.349887224688544,0.579472450029877,0.0743456627422918,-0.390410166006065,0.618718294860722,0.621754872086341,0.520683813949868,-0.44133141258916,0.568828919877898,-0.583686456081313,0.495278900125343,0.595607754787272,0.575028993248797,0.565510725078304,0.633442796054598,-0.161999376440677,0.550725615230446,0.636851537989178,-0.243961604646658,0.551031261824003,-0.362909889317611,0.52607329172773,0.58324246391723,0.60468474960995,0.602176047043283,-0.242121598893436,0.55321199923836,0.604347276550734,0.513811818316937,0.523001583043652,0.618065612329155,0.609110896613665,-0.360912903215191,0.600223226133914,0.588332070098397,0.612912678349056,0.596699219584672,0.591809961103608,0.619748130696737,0.571162361086632,0.577666773371527,0.589228408810501,0.591186016805922,0.563124389173098,0.536620283576888,0.385921968052455,0.619066337538286,0.621509415454837,-0.27210493055684,0.215128321292607,0.304497480579478,0.547448181412797,0.502179930140212,0.676549714791338,-0.435285724687456,0.310768132815266,0.337283327115009,0.367711584746906
severe,-0.310216818799422,-0.276692791408935,0.518149727264206,0.429382584230084,-0.334134787631052,-0.327550777827943,-0.362988214103001,0.609498857805655,-0.310354984432222,0.491939434088545,0.708993084391317,-0.334543279489138,-0.311248820678348,-0.392458341670763,0.568642455218311,-0.374384995031136,0.720936507192799,-0.257059276099328,-0.321376360822324,-0.301630243231386,-0.30372554606391,-0.308904077760797,0.369462072309258,-0.273716752501343,-0.299562513846368,0.394137329243546,-0.313421533715669,0.634657844857793,-0.378826565958701,-0.339343937114183,-0.335565753551243,-0.26808610903727,0.413522906212636,-0.301102815553819,-0.345063160624377,-0.268927944377942,-0.312712029250732,-0.276254586001443,-0.323334684614127,0.515125938845994,-0.307787446449443,-0.32189453026632,-0.316736136692099,-0.353943309714806,-0.301095081193117,-0.303540142335554,-0.316031292570752,-0.281948891518076,-0.304886075276673,-0.297953498808364,-0.310143590786187,-0.318945459496438,-0.290080401401382,-0.346938459911364,-0.314107782453743,-0.0829348443177591,-0.0819503333240878,-0.0744837388717944,-0.0253649690451776,0.0147904489129842,0.0975374308841438,-0.0946897679571235,0.10675344443063,-0.0079889937529185,0.0470366202958553
severe,-0.171431081447745,-0.273335659236882,-0.0504646238433519,-0.141882681926963,-0.140723251177303,-0.0701284753339324,-0.132827336264218,-0.0017635927197262,-0.0087046732119308,0.393107240426127,-0.161240372355597,0.0046416599227176,-0.0978712175657053,-0.198900223520151,0.170620298113033,-0.114518318701108,0.160133768369161,-0.0636681562527594,-0.0147418416649607,-0.16200350181838,-0.0972316619076545,-0.139741613696112,0.752876564245938,0.0115597288666608,-0.0879727320398584,-0.342104837534472,-0.180987477715735,-0.0691135013908398,-0.116551434828702,-0.084223233117537,-0.0406625604691895,-0.129699190286482,-0.0450334728620806,-0.143613859976575,-0.183144351654442,-0.404570643068659,-0.0776414971217995,-0.0336368126844315,-0.102691034099801,0.0634306352778176,-0.124144508497666,-0.0419551506555759,-0.114295514502058,-0.166977301976388,-0.0433498778588538,-0.0294564863894751,-0.0702426066840881,-0.139446313566545,-0.194956721913115,-0.181023359732567,-0.124466159975681,0.12572670093844,-0.0613373098235182,-0.109974647363813,-0.108681525746398,-0.147924888762343,0.170938159986454,-0.0729642337772062,-0.0470245576255086,-0.472695258468767,0.143250559428222,-0.0685732713395328,-0.278785595552078,0.275909786452229,-0.0663571701229941
severe,-0.164325216964657,-0.198322973502739,-0.115132299659837,0.0869809265918031,-0.123801126408031,-0.121640067140309,-0.149461014572466,-0.0169256280320618,-0.116954263472485,0.205363724492158,0.17752849633413,-0.11472021859547,-0.118944634266214,-0.192264533505551,0.101054284889597,-0.148250916348927,0.212683340360529,-0.145457268587682,-0.131471268582483,-0.097907106506476,-0.117636819776959,-0.149697749403569,0.300924707672285,-0.0284844777115618,-0.151418561539207,-0.007941370553889,-0.168130146501395,0.17449295997595,-0.146578304017218,-0.106943228753632,-0.161804498653469,-0.143673526168876,0.229213355359659,-0.146435808863704,-0.117241693656111,-0.17607081184976,-0.132368869630031,-0.0968284944964835,-0.135380007482825,0.147123083181503,-0.0905518399654669,-0.130650144005363,-0.135372144825474,-0.126871376680322,-0.0811611430330872,-0.124700338931494,-0.127091082144915,-0.139816825345281,-0.143763070171776,-0.102213557987362,-0.16460346117833,-0.0972404219067347,-0.185373757848827,-0.144667917658401,-0.112749273088718,-0.300301346261767,-0.178949931257537,0.103007700819737,0.322054922054478,0.213212414143991,0.370675785335775,-0.118959076710668,0.331289424030025,0.115407418602358,0.267239655832844
severe,0.0670555679162668,0.0938699317330785,0.321065013200234,0.378093741766117,0.0671595967529475,-0.0369857098964349,0.0413475621782163,0.323857960385147,0.0566204392453878,0.291910936566515,0.459346738228598,-0.0013971808447724,0.0840680086851627,0.0991563922231595,0.271781636950408,0.0491388938008767,0.515067732989438,0.0980332899005422,-0.0006479182745896,0.0720051048819239,0.103894174429525,0.0629764734830276,0.2568766084753,-0.0263112410529498,0.13970314505235,0.499053072515458,0.0690138919608584,0.516305688376496,0.0271651190123839,0.0347998125581062,0.0525881856652243,0.0329862873141868,0.530194185124922,0.0227978580787184,0.062658414303343,0.0631139905504223,-0.0932810227953352,0.0615661573937895,0.0379661718574176,0.282528218607749,0.0307150283382382,0.0539837556479183,0.0566638166961698,0.0486336740539543,0.0058740391631139,0.0353012845724975,0.0739557925195283,0.0752124672148653,0.063515462214527,0.0597830532692252,0.0641989317164781,0.0430203718882222,0.0863905486713681,0.0025523466564284,0.0581163596148288,0.0913772539800619,0.221314303208957,0.538880268886115,0.474170409745295,0.486886010095552,0.498995338109824,-0.34427820038226,0.573970070060761,0.316451188156262,0.250015601890185
severe,-0.557017586482331,-0.558575809199369,0.207452660977162,0.605825326821124,-0.547513009204834,-0.552288945518862,-0.551205366203318,0.499742196858062,-0.520579218426273,0.39703050953047,0.542553369358183,-0.476248394940171,-0.557295640978934,-0.12494451420171,0.548434342072152,-0.541189996386066,0.245539515527405,-0.276468423509892,-0.559012759743286,-0.537041483671482,-0.506226771397283,-0.553370114055219,0.656493014806944,-0.554556130459782,-0.506368669752923,0.486562760329206,-0.505785129863202,-0.0656674750009945,-0.541885812521759,-0.57681047826082,-0.527594342871043,-0.598995802190538,0.298583522322007,-0.537024982136146,-0.503284219932194,-0.57741464417544,-0.531233891281626,-0.537958315741288,-0.511628228048273,0.335206205991221,-0.558357775777207,-0.551067379616992,-0.566825139403518,-0.562981751809401,-0.55206717449624,-0.499533483265618,-0.508820630613468,-0.518944247896586,-0.517819146392753,-0.515009627323734,-0.532655557812814,-0.540931057123627,-0.216099725833159,-0.498766898183304,-0.52938886179317,0.131749196558492,-0.0862948827962938,-0.194477006547674,-0.0820070381845385,0.0653450451188284,-0.0309158543457555,-0.100866425311742,-0.265975610425499,0.0133661203547779,0.0613027460915929
severe,-0.186398309215783,-0.286071350256207,-0.0128003916932511,0.467104360153582,0.198879629576403,-0.0225217898292281,0.0417630794445942,0.131025284716543,0.10211829124617,0.43894291674936,0.373750202646404,0.085502839098211,0.0018281615528577,-0.0078298672955092,0.569577359595596,-0.0189646842956531,0.234971633027302,-0.0567548324393154,-0.0084463592301723,-0.0605341583703483,0.0584372325387985,-0.0776962156305701,0.634002377628949,-0.0456316387721247,0.166060589499443,-0.0811601379165172,0.0784392323334402,-0.359959382917906,-0.0641192317838142,0.001133370232113,0.063367250420941,-0.132798551495632,0.372447358706926,-0.0658930176448288,0.0553348003069079,-0.152870926874833,-0.039212113231567,-0.0284955479487179,0.0181411304002081,0.269448018541968,-0.0550700083346158,-0.0274803889718624,-0.141719412761818,-0.0259910225560644,-0.0443231189059448,0.0032186070601225,0.0765128212516591,-0.0317632426645518,-0.0043581026316068,-0.0187882421000264,-0.0183310734549325,0.0082084435774496,0.0470130767209776,-0.0142925517974624,-0.0155985504339528,-0.428137785192086,-0.0727809885156643,0.258585768493378,0.116778519547291,-0.0585224624437328,0.448093014227426,0.0264726705678705,0.195612806500798,0.149918791138769,0.119641861411618
